1.000000000000000000e+02 3.471336559986932246e-01 1.111129506691080210e-01 8.663952548461960335e-02 6.310050658774486732e-02 1.706932587270651447e-02 2.067718788260862472e-02 1.632889052284766662e-02 1.520280530598430886e-02
2.150000000000000000e+02 2.301926860331867108e-01 9.040177775334454213e-02 5.105817377497887111e-02 4.226668168730455394e-02 2.080891010286049086e-02 1.507917932528730388e-02 1.054019047715777993e-02 1.092464097653306036e-02
4.640000000000000000e+02 1.900153952437396987e-01 5.499978066542628857e-02 2.684546740499424086e-02 2.253537623467714857e-02 1.294982744141404130e-02 9.845454214958426070e-03 6.686779424995842672e-03 5.324853737762837852e-03
1.000000000000000000e+03 1.199765694940738703e-01 3.116422678352423134e-02 1.598037844762312601e-02 1.942746615861899034e-02 9.283490358512534041e-03 5.373319023222785339e-03 3.490777409289153813e-03 4.863952242250047658e-03
2.154000000000000000e+03 9.706335774434032837e-02 1.916912622957872916e-02 1.082980129359762018e-02 1.695752004166585156e-02 6.027649813940174316e-03 3.796300025188009946e-03 2.995691649461532276e-03 4.107380524545485058e-03
4.641000000000000000e+03 6.121496289229141907e-02 1.260288816520093759e-02 9.208139266813630819e-03 1.816004573503469249e-02 4.109947949174969604e-03 2.806311901467770792e-03 2.588751866644221911e-03 2.607645814365294398e-03
1.000000000000000000e+04 3.990197108867368087e-02 6.650347737125719867e-03 8.382013329919691183e-03 1.794393641636789216e-02 2.129552984994139472e-03 1.551200526556865793e-03 2.393697772367463575e-03 2.144451205395598008e-03
2.154400000000000000e+04 2.762362022497548419e-02 3.772309208842551491e-03 7.643895622037857364e-03 1.619900769003052715e-02 1.676648691681706252e-03 8.835708481427119584e-04 1.221305140530533828e-03 1.293854398605511977e-03
4.641500000000000000e+04 1.713477750119987014e-02 2.062245792767944483e-03 8.125576859574136501e-03 1.545146087555002504e-02 9.370749459471522944e-04 5.597279909435062773e-04 1.647882286438403848e-03 1.479041632333524684e-03
1.000000000000000000e+05 1.195460366414275583e-02 1.490134941012973870e-03 6.046297794590356142e-03 1.233630226117810036e-02 5.958986383806635229e-04 3.841786866705901196e-04 5.631757617655387379e-04 5.904083949277302238e-04
