1.000000000000000000e+02 3.527588299524917481e-01 1.120075311758292197e-01 6.733328811343117226e-02 5.756955700943780507e-02 1.518766389045414500e-02 2.071132147948817614e-02 1.516990590564898898e-02 1.397441588844686167e-02
2.150000000000000000e+02 2.042161605323645768e-01 8.094841382706796651e-02 4.499933558856331062e-02 3.658882906838766685e-02 2.224991046526178171e-02 1.453547020888296647e-02 1.104620913648535034e-02 1.013897907623594573e-02
4.640000000000000000e+02 1.874370869747375712e-01 5.238600350021742347e-02 2.370422404178779835e-02 2.139166673375162211e-02 1.444426216429232218e-02 9.128187481010258814e-03 5.906062975527887754e-03 5.746969300794310676e-03
1.000000000000000000e+03 1.103290855594594999e-01 2.311613793331164166e-02 1.321203492339016392e-02 1.707863047044592270e-02 6.718194018744981511e-03 4.727979618193015217e-03 3.380040360191343719e-03 3.890765148659580761e-03
2.154000000000000000e+03 8.552549759158650788e-02 1.391177928287312855e-02 1.294531594746856258e-02 1.866497802021660837e-02 7.006243239327759539e-03 3.831313610591631762e-03 4.261619482643227812e-03 3.572937632475814331e-03
4.641000000000000000e+03 5.244448291575456306e-02 9.428296501600250124e-03 9.556426537681250027e-03 1.871994888371578472e-02 3.722203285066243931e-03 2.352519595374330530e-03 2.257326792943535956e-03 2.990753206919352820e-03
1.000000000000000000e+04 3.260496493971121873e-02 4.581614006469066080e-03 9.637927454890797899e-03 1.665507231067607508e-02 2.269483062207576854e-03 1.348107638403458000e-03 2.411123518173640540e-03 1.565465890833989951e-03
2.154400000000000000e+04 2.333105590258686968e-02 2.657536186295909528e-03 8.361777014447848225e-03 1.538666771227496788e-02 1.374475668757834919e-03 1.028969781972154367e-03 1.830589970172693788e-03 9.648196719885708062e-04
4.641500000000000000e+04 1.560051548872988525e-02 1.978517051900078802e-03 7.192509466252101739e-03 1.356735700232128243e-02 9.214971223655437672e-04 6.324686544837203285e-04 7.265391132592281722e-04 1.435081808066249057e-03
1.000000000000000000e+05 1.059353207982152018e-02 1.537805701036936779e-03 6.393453409068812140e-03 1.188003736971024807e-02 5.969914457191297400e-04 3.633724580339756463e-04 4.578613456626594107e-04 4.505035616685927049e-04
