1.000000000000000000e+02 2.007961801797494839e-01 7.965527510496907271e-02 5.559609782344342860e-02 4.360379746619875985e-02 2.259337843363137463e-02 1.703644000548952889e-02 1.499826185055217961e-02 1.171179174221477839e-02
2.150000000000000000e+02 1.349210271532580163e-01 4.892595298279037164e-02 3.226173076416784941e-02 2.696078276399516485e-02 1.283630792540446305e-02 9.587191084185231818e-03 7.661626541986252259e-03 7.482973884153282240e-03
4.640000000000000000e+02 1.079538040713525909e-01 3.342634543305896683e-02 2.345521523076150167e-02 2.294184554774705842e-02 1.149490905566759834e-02 7.610282530135178275e-03 5.784910001754083736e-03 6.093693336515218321e-03
1.000000000000000000e+03 6.325087610095984914e-02 1.718320911432734757e-02 1.198559227320690479e-02 1.515614333204868755e-02 6.152764023539107965e-03 4.445827971794494987e-03 2.994440440428730067e-03 3.475737674481607295e-03
2.154000000000000000e+03 4.283474318074535769e-02 1.055335922944837176e-02 1.177310301970891683e-02 1.760163791060060864e-02 4.602598616531098155e-03 2.745116086162111002e-03 3.590279048408913203e-03 6.978694996471480547e-03
4.641000000000000000e+03 2.902109175807311356e-02 6.877453217671278089e-03 8.994257236443328751e-03 1.677525681365021545e-02 3.173390073303904071e-03 2.397188698421235959e-03 1.726799266098965561e-03 3.416562359259278734e-03
1.000000000000000000e+04 1.807698153047344880e-02 4.615837264559189898e-03 8.348459540131145454e-03 1.425815012993824661e-02 1.548449050186542992e-03 1.354183819144375066e-03 1.821172379754521474e-03 1.715952107050172735e-03
2.154400000000000000e+04 1.218840500924971842e-02 2.527381828153893971e-03 6.759519741900876962e-03 1.274496189152292402e-02 1.225582764296162400e-03 6.936849389043671984e-04 9.068614553496434248e-04 1.725307124805822937e-03
4.641500000000000000e+04 8.050347459291656155e-03 2.143281546140752766e-03 6.225724390934845448e-03 1.143908063526105807e-02 8.989642007947106460e-04 5.325966243988997529e-04 7.243145506226598713e-04 6.929700371666638447e-04
1.000000000000000000e+05 5.684305730865099084e-03 1.473937016946342800e-03 5.093337009014427090e-03 9.360208461789754075e-03 6.203490537694283284e-04 3.300484758099066066e-04 5.068513210548412440e-04 5.241048167272005813e-04
