1.000000000000000000e+02 1.715296600843409236e-01 7.337630022065110003e-02 4.878171769832902183e-02 4.753232283669262676e-02 1.890362118478104009e-02 1.534806243283042861e-02 1.170684572235482050e-02 1.323100441390337965e-02
2.150000000000000000e+02 1.203433509654049521e-01 4.877802534774933890e-02 3.662576249720711496e-02 3.465892954204160409e-02 1.384890026570661202e-02 1.057294060761422225e-02 1.008833371273754227e-02 1.196646681802055086e-02
4.640000000000000000e+02 9.808939799949849270e-02 3.260005648540553053e-02 2.515169166836606421e-02 2.529434506198431284e-02 1.138617564987275295e-02 7.003123611397140368e-03 7.677122811578670353e-03 8.385517514720169582e-03
1.000000000000000000e+03 6.055905700356858934e-02 1.988069929701023406e-02 1.563885548720305579e-02 1.623539986847727032e-02 5.827587272798194148e-03 4.533485756141494329e-03 4.778827710122187863e-03 4.324306453273201942e-03
2.154000000000000000e+03 4.496218103115004472e-02 1.085987760618116298e-02 1.112767602452606301e-02 1.520790122417970715e-02 5.022457302226967547e-03 2.619020647108811963e-03 4.231635715004542636e-03 3.615399829803468169e-03
4.641000000000000000e+03 3.068499744001908225e-02 8.513082255098369452e-03 8.754609574069170674e-03 1.281379309987652065e-02 3.477508027713416446e-03 2.907879367045551437e-03 2.169141883278945075e-03 2.232757202789509721e-03
1.000000000000000000e+04 1.850975718633517467e-02 5.507345683565420709e-03 6.767453917412042698e-03 1.168446239552568822e-02 2.087389504172431059e-03 1.617771671343639153e-03 1.629079926714474980e-03 1.715098885523659144e-03
2.154400000000000000e+04 1.246594129842645143e-02 2.910218655873010422e-03 5.806032950951216243e-03 1.124758199194701540e-02 1.366340413739828381e-03 6.892207914875066567e-04 1.028707470095059466e-03 1.786656615780799363e-03
4.641500000000000000e+04 9.017363531847941149e-03 2.397659003525665772e-03 5.055242863375046525e-03 9.312204067236557609e-03 9.453120706135885627e-04 5.378278497875081015e-04 9.625622501613136789e-04 7.794907731616065481e-04
1.000000000000000000e+05 5.717508001227817813e-03 1.471724985869547449e-03 4.503544151586418715e-03 8.190632946273873269e-03 5.940438923242734358e-04 3.791253827518858630e-04 4.735124011256765003e-04 4.776984274819637603e-04
